[
    {
        "state": "done", 
        "hand_t": [
            0.17772507667541504, 
            -0.2830628752708435, 
            2.008530855178833
        ], 
        "queue_id": "queue-0", 
        "hand_pose": [
            1.9923334121704102, 
            -1.9651315212249756, 
            0.949073076248169, 
            0.13395963609218597, 
            -0.3282063603401184, 
            -0.2713283896446228, 
            -0.3683282732963562, 
            -0.024989403784275055, 
            -0.7536307573318481, 
            0.7446136474609375, 
            -0.08131510019302368, 
            0.15446367859840393, 
            0.2633759379386902, 
            -0.23122583329677582, 
            -0.13148058950901031, 
            -0.09725780785083771, 
            0.035290300846099854, 
            -0.3464406728744507, 
            0.04889179766178131, 
            0.006651507690548897, 
            0.06113827973604202, 
            0.3134544789791107, 
            0.24842937290668488, 
            -0.43095695972442627, 
            0.10349996387958527, 
            -0.060308702290058136, 
            -0.24664875864982605, 
            0.05385176092386246, 
            -0.10713031142950058, 
            0.3673238456249237, 
            0.057601481676101685, 
            -0.00316624715924263, 
            -0.22653359174728394, 
            0.09162607789039612, 
            -0.23921124637126923, 
            -0.15848380327224731, 
            0.07341261208057404, 
            -0.07696335017681122, 
            -0.06944490969181061, 
            0.2238406538963318, 
            -0.31309232115745544, 
            -0.11334221810102463, 
            0.2873687744140625, 
            -0.013920366764068604, 
            0.15448902547359467, 
            -0.5816603899002075, 
            -0.019850661978125572, 
            -0.2876511216163635
        ], 
        "s": 0.3083648255299399, 
        "hand_R": [
            1, 
            0, 
            0, 
            0, 
            1, 
            0, 
            0, 
            0, 
            1
        ], 
        "hand_s": 1.6734496355056763, 
        "image_id": "board_food_v_LUS1jeTGc68_frame000082", 
        "obj_url": "http://128.32.175.166:6010/models/board_food_v_LUS1jeTGc68_frame000082.obj", 
        "R": [
            -0.06481653144610311, 
            -0.8495800102370648, 
            0.5234621509305952, 
            -0.981245776403805, 
            -0.04116640209895572, 
            -0.1883137106742925, 
            0.18153661763123818, 
            -0.5258508662575503, 
            -0.8309785333660513
        ], 
        "t": [
            1.8206454307541584, 
            -0.8025704187666316, 
            10.898252571987141
        ], 
        "obj_name": "board", 
        "trans": [
            -0.11316845566034317, 
            -0.06949563324451447, 
            0.05462168529629707
        ]
    }, 
    {
        "state": "done", 
        "hand_t": [
            0.22148838639259338, 
            -0.2442043572664261, 
            1.6446852684020996
        ], 
        "queue_id": "queue-0", 
        "hand_pose": [
            1.55409836769104, 
            3.015625, 
            -0.8452156782150269, 
            -0.053875882178545, 
            -0.12581905722618103, 
            0.22860398888587952, 
            -0.02146698348224163, 
            0.04371034353971481, 
            0.19704309105873108, 
            0.13244464993476868, 
            -0.02955036051571369, 
            -0.07196325808763504, 
            -0.2900828421115875, 
            -0.03836589306592941, 
            0.8992077112197876, 
            -0.03142325580120087, 
            -0.12451402097940445, 
            -0.12739716470241547, 
            0.08300283551216125, 
            0.019245930016040802, 
            -0.04413498565554619, 
            -0.47561317682266235, 
            0.4593876004219055, 
            0.713891863822937, 
            0.02707580476999283, 
            -0.11603286117315292, 
            0.16859003901481628, 
            -0.11931440234184265, 
            -0.017540840432047844, 
            -0.09991885721683502, 
            -0.1471606343984604, 
            0.26773834228515625, 
            0.9355193972587585, 
            -0.2515025734901428, 
            -0.03854507952928543, 
            -0.2977277934551239, 
            0.02311547100543976, 
            -0.049247052520513535, 
            0.07175351679325104, 
            0.40059995651245117, 
            0.09751848876476288, 
            0.015424355864524841, 
            -0.37643685936927795, 
            0.1819014847278595, 
            0.2065773606300354, 
            0.2691348195075989, 
            -0.08958666771650314, 
            -0.2214990258216858
        ], 
        "s": 0.15, 
        "hand_R": [
            1, 
            0, 
            0, 
            0, 
            1, 
            0, 
            0, 
            0, 
            1
        ], 
        "hand_s": 1.7842738628387451, 
        "image_id": "boardgame_v_3hcaVyX00_4_frame000301", 
        "obj_url": "http://128.32.175.166:6010/models/boardgame_v_3hcaVyX00_4_frame000301.obj", 
        "R": [
            0.2038280321632684, 
            -0.34815199251673734, 
            0.9150105591800979, 
            -0.9351095026028549, 
            -0.3459654277292652, 
            0.07666903519640772, 
            0.2898695421155715, 
            -0.8712623674432014, 
            -0.3960776888830986
        ], 
        "t": [
            2.191051083986973, 
            -3.3088722679405014, 
            19.794942197400985
        ], 
        "obj_name": "pencil", 
        "trans": [
            -0.1311243623495102, 
            0.07338352501392365, 
            0.014249870553612709
        ]
    }, 
    {
        "state": "done", 
        "hand_t": [
            0.06843260869307066, 
            -0.0930136814036721, 
            1.5069005489349336
        ], 
        "queue_id": "queue-0", 
        "hand_pose": [
            -0.645020604133606, 
            -2.7667322158813477, 
            1.305139183998108, 
            -0.22848257422447205, 
            0.03326377272605896, 
            0.2671481966972351, 
            0.0851474404335022, 
            -0.0694601982831955, 
            0.032915130257606506, 
            -0.13277119398117065, 
            0.011875759810209274, 
            0.21161270141601562, 
            -0.3354445695877075, 
            0.17927704751491547, 
            0.8980063199996948, 
            -0.11964887380599976, 
            -0.22095458209514618, 
            -0.08026629686355591, 
            0.263018935918808, 
            0.1234455555677414, 
            0.31555235385894775, 
            -0.29923227429389954, 
            0.6572614312171936, 
            0.5831108689308167, 
            -0.2765439748764038, 
            -0.22675703465938568, 
            0.05600474774837494, 
            0.17505624890327454, 
            0.10507126897573471, 
            0.45469769835472107, 
            -0.27043935656547546, 
            0.3846243619918823, 
            0.8289760947227478, 
            -0.18677720427513123, 
            -0.133907750248909, 
            0.027770008891820908, 
            0.20713606476783752, 
            0.03906288743019104, 
            0.2962338924407959, 
            -0.021085236221551895, 
            0.08885625004768372, 
            -0.1875748187303543, 
            -0.008787542581558228, 
            0.1069699078798294, 
            0.23865196108818054, 
            0.14776912331581116, 
            -0.17027488350868225, 
            -0.38052377104759216
        ], 
        "s": 0.16, 
        "hand_R": [
            1, 
            0, 
            0, 
            0, 
            1, 
            0, 
            0, 
            0, 
            1
        ], 
        "hand_s": 2.4331297874450684, 
        "image_id": "boardgame_v_3hcaVyX00_4_frame000311", 
        "obj_url": "http://128.32.175.166:6010/models/boardgame_v_3hcaVyX00_4_frame000311.obj", 
        "R": [
            -0.5882909886852734, 
            0.39258321982394684, 
            -0.7069597783073419, 
            -0.6952558166199146, 
            0.20090126638686412, 
            0.6901145054411839, 
            0.4129564893398324, 
            0.8975060426965475, 
            0.15475736245912175
        ], 
        "t": [
            1.2324423474597606, 
            -2.3195274736949907, 
            23.647779317928908
        ], 
        "obj_name": "pen_1", 
        "trans": [
            -0.1704963743686676, 
            0.043318167328834534, 
            -0.011854973621666431
        ]
    }, 
    {
        "state": "done", 
        "hand_t": [
            0.20497695019132703, 
            -0.23886198816897755, 
            1.342236280441285
        ], 
        "queue_id": "queue-0", 
        "hand_pose": [
            1.134979009628296, 
            -0.08291987329721451, 
            0.3737199306488037, 
            -0.00594504177570343, 
            -0.07476382702589035, 
            -0.24185970425605774, 
            -0.3179333806037903, 
            0.05486414581537247, 
            0.3214850127696991, 
            0.6814210414886475, 
            -0.10072492808103561, 
            0.19248181581497192, 
            0.017804734408855438, 
            0.10251177847385406, 
            0.25623607635498047, 
            -0.22569280862808228, 
            0.08215212821960449, 
            0.6907435655593872, 
            0.18363581597805023, 
            0.013620138168334961, 
            0.13760465383529663, 
            0.20819725096225739, 
            0.3781775236129761, 
            -0.17114853858947754, 
            -0.5202052593231201, 
            -0.03037707507610321, 
            0.4778299629688263, 
            -0.2533107399940491, 
            -0.06135999783873558, 
            0.5708265900611877, 
            0.057774171233177185, 
            0.1474694311618805, 
            0.22117392718791962, 
            -0.20922836661338806, 
            0.09486399590969086, 
            0.5941886901855469, 
            -0.05173371732234955, 
            -0.12423311173915863, 
            0.09267817437648773, 
            0.1633213311433792, 
            -0.24942903220653534, 
            -0.26103484630584717, 
            -0.2089591920375824, 
            0.2857794165611267, 
            0.04637708142399788, 
            -0.015151239931583405, 
            0.1001884788274765, 
            -0.5070759057998657
        ], 
        "s": 0.2817513539070283, 
        "hand_R": [
            1, 
            0, 
            0, 
            0, 
            1, 
            0, 
            0, 
            0, 
            1
        ], 
        "hand_s": 1.707444429397583, 
        "image_id": "boardgame_v_FUmt120A6yw_frame000058", 
        "obj_url": "http://128.32.175.166:6010/models/boardgame_v_FUmt120A6yw_frame000058.obj", 
        "R": [
            -0.5910581036491993, 
            0.4666787725761962, 
            -0.6579219112762449, 
            0.4957014098650984, 
            0.8535989282598466, 
            0.1601529953868958, 
            0.6363414416556303, 
            -0.23147309325365717, 
            -0.735859889334388
        ], 
        "t": [
            1.2364021134282566, 
            -1.8137522460346722, 
            7.956321010796853
        ], 
        "obj_name": "microphone_1", 
        "trans": [
            -0.018388083204627037, 
            0.03384771943092346, 
            0.012482434511184692
        ]
    }, 
    {
        "state": "done", 
        "hand_t": [
            -0.5056111079747311, 
            -0.3536831004604829, 
            1.521449690751041
        ], 
        "queue_id": "queue-0", 
        "hand_pose": [
            0.9347476959228516, 
            -0.2319151610136032, 
            1.1095291376113892, 
            -0.17613551020622253, 
            0.12935113906860352, 
            -0.5002824068069458, 
            -0.34076040983200073, 
            0.026820600032806396, 
            -0.2662199139595032, 
            0.36373621225357056, 
            -0.037385791540145874, 
            0.20902754366397858, 
            0.1082376092672348, 
            0.11452694982290268, 
            -0.3987000584602356, 
            -0.2792065143585205, 
            0.10974537581205368, 
            0.1484924852848053, 
            0.12645725905895233, 
            0.048991743475198746, 
            0.028721287846565247, 
            0.33812379837036133, 
            0.10669427365064621, 
            -0.2682446539402008, 
            -0.3201516568660736, 
            -0.008449673652648926, 
            0.024734236299991608, 
            0.23104147613048553, 
            0.13802368938922882, 
            0.3660815954208374, 
            0.035333454608917236, 
            0.03829661011695862, 
            -0.4161570966243744, 
            -0.016494430601596832, 
            0.011912206187844276, 
            0.3080724775791168, 
            0.05421507731080055, 
            -0.006467923521995544, 
            0.04841253161430359, 
            -0.05136214196681976, 
            0.4313492774963379, 
            -0.08570987731218338, 
            0.1575583666563034, 
            0.06150776520371437, 
            0.1198512464761734, 
            -0.3002806305885315, 
            -0.2870948314666748, 
            0.05592148005962372
        ], 
        "s": 0.10432076543854728, 
        "hand_R": [
            1, 
            0, 
            0, 
            0, 
            1, 
            0, 
            0, 
            0, 
            1
        ], 
        "hand_s": 1.8103134632110596, 
        "image_id": "boardgame_v_OqaL1YP0pNM_frame000147", 
        "obj_url": "http://128.32.175.166:6010/models/boardgame_v_OqaL1YP0pNM_frame000147.obj", 
        "R": [
            -0.4048467344492763, 
            0.7647539939631653, 
            -0.5012488905954245, 
            0.7626674521941688, 
            0.5848194249610015, 
            0.2762690673092787, 
            0.5044179605936056, 
            -0.2704395845760572, 
            -0.820015214569167
        ], 
        "t": [
            -7.719520873654278, 
            -6.641651104533101, 
            26.173200147568828
        ], 
        "obj_name": "pen", 
        "trans": [
            -0.06469586491584778, 
            0.06617872416973114, 
            0.036590397357940674
        ]
    }, 
    {
        "state": "done", 
        "hand_t": [
            -0.16856155476719437, 
            -0.05833618412796241, 
            0.4809233613737727
        ], 
        "queue_id": "queue-0", 
        "hand_pose": [
            1.3507630825042725, 
            -0.6862898468971252, 
            1.4445570707321167, 
            -0.19109787046909332, 
            -0.004898803308606148, 
            0.8943691253662109, 
            -0.05854900926351547, 
            0.04661434143781662, 
            0.04937140271067619, 
            0.021626926958560944, 
            -0.0799318477511406, 
            0.3668273091316223, 
            -0.1419374942779541, 
            0.08392373472452164, 
            0.982828676700592, 
            -0.17865067720413208, 
            0.05893658101558685, 
            0.021807599812746048, 
            -0.1655445396900177, 
            -0.03733479976654053, 
            0.38532882928848267, 
            -0.3294914960861206, 
            0.2001505047082901, 
            0.6084150075912476, 
            -0.2825642228126526, 
            0.1525721400976181, 
            0.2660157382488251, 
            0.11887206137180328, 
            0.07253940403461456, 
            0.614449679851532, 
            -0.2753649353981018, 
            0.06547918170690536, 
            0.8395874500274658, 
            -0.1260371208190918, 
            0.08280708640813828, 
            0.28870218992233276, 
            -0.1508634388446808, 
            -0.1572132557630539, 
            0.24945373833179474, 
            -0.26656752824783325, 
            0.008670248091220856, 
            -0.028607040643692017, 
            0.5942447781562805, 
            0.059030257165431976, 
            0.058609798550605774, 
            -0.6278056502342224, 
            -0.33429694175720215, 
            -0.043555207550525665
        ], 
        "s": 0.04999999999999999, 
        "hand_R": [
            1, 
            0, 
            0, 
            0, 
            1, 
            0, 
            0, 
            0, 
            1
        ], 
        "hand_s": 1.2864543199539185, 
        "image_id": "boardgame_v_Q_gRn_oLS00_frame000039", 
        "obj_url": "http://128.32.175.166:6010/models/boardgame_v_Q_gRn_oLS00_frame000039.obj", 
        "R": [
            -0.9361717948677373, 
            -0.061935092084384594, 
            0.3460439493223625, 
            -0.17563029930004603, 
            0.9351084344471972, 
            -0.30777623981309554, 
            -0.30452646594655, 
            -0.34890723723392536, 
            -0.8862998202323489
        ], 
        "t": [
            -2.2347136047499467, 
            -1.4608378196363592, 
            12.10996589085978
        ], 
        "obj_name": "usb_stick", 
        "trans": [
            -0.09797166287899017, 
            0.03305178880691528, 
            0.07395081222057343
        ]
    }, 
    {
        "state": "done", 
        "hand_t": [
            0.037607591334693394, 
            -0.04034536234285119, 
            1.2553390615601399
        ], 
        "queue_id": "queue-0", 
        "hand_pose": [
            2.189509391784668, 
            -1.519581913948059, 
            1.8249645233154297, 
            0.0020374301820993423, 
            -0.1486690640449524, 
            0.5572395920753479, 
            -0.5736254453659058, 
            0.15670746564865112, 
            -0.7009055614471436, 
            1.1585465669631958, 
            -0.05104338377714157, 
            0.040886566042900085, 
            0.017809107899665833, 
            0.030595367774367332, 
            0.5538930892944336, 
            -0.206065371632576, 
            0.19378326833248138, 
            -0.3576740622520447, 
            0.02940244972705841, 
            0.004378926008939743, 
            0.030111879110336304, 
            -0.2116519659757614, 
            0.42223498225212097, 
            0.2159184366464615, 
            0.007785111665725708, 
            -0.08612962067127228, 
            0.036115482449531555, 
            -0.045344188809394836, 
            -0.12578606605529785, 
            0.6046828031539917, 
            -0.11192338168621063, 
            0.176005020737648, 
            0.27288544178009033, 
            0.0030742529779672623, 
            1.7490237951278687e-05, 
            0.14507973194122314, 
            0.05053391307592392, 
            -0.06724213063716888, 
            -0.027232900261878967, 
            0.16400444507598877, 
            -0.4714733362197876, 
            -0.02936614118516445, 
            0.4263990521430969, 
            0.43331268429756165, 
            0.1536620706319809, 
            -0.6341884732246399, 
            -0.07054252922534943, 
            -0.08437605202198029
        ], 
        "s": 0.6, 
        "hand_R": [
            1, 
            0, 
            0, 
            0, 
            1, 
            0, 
            0, 
            0, 
            1
        ], 
        "hand_s": 1, 
        "image_id": "boardgame_v_S2dmyqzCN5Q_frame000196", 
        "obj_url": "http://128.32.175.166:6010/models/boardgame_v_S2dmyqzCN5Q_frame000196.obj", 
        "R": [
            0.6486478706407686, 
            -0.2896392093849641, 
            0.7038217588992611, 
            0.06396879417591944, 
            -0.9007370438949798, 
            -0.429628643280464, 
            0.758395631108774, 
            0.3237003338617158, 
            -0.5657332945593163
        ], 
        "t": [
            -0.11809061756644187, 
            -0.10044888785918817, 
            2.445900505356053
        ], 
        "obj_name": "Floor", 
        "trans": [
            -0.12098953872919083, 
            -0.06112281605601311, 
            0.05979118123650551
        ]
    }, 
    {
        "state": "done", 
        "hand_t": [
            -0.01621406417912261, 
            -0.08862560554048439, 
            0.5637180805206307
        ], 
        "queue_id": "queue-0", 
        "hand_pose": [
            -0.3197183609008789, 
            -1.3395745754241943, 
            1.2285308837890625, 
            0.009417613968253136, 
            -0.2524750530719757, 
            0.4056107997894287, 
            -0.43705642223358154, 
            0.01644591987133026, 
            -0.23990246653556824, 
            0.6098945140838623, 
            -0.06993958353996277, 
            0.19103291630744934, 
            -0.0818726122379303, 
            0.04722103476524353, 
            0.4916527271270752, 
            -0.17769983410835266, 
            0.09840759634971619, 
            0.04055081307888031, 
            -0.10659130662679672, 
            -0.014035798609256744, 
            0.0074574947357177734, 
            -0.5191376805305481, 
            0.43766266107559204, 
            0.14401865005493164, 
            0.0073630306869745255, 
            0.022427065297961235, 
            -0.007978856563568115, 
            -0.05932636559009552, 
            -0.1252671182155609, 
            0.13836179673671722, 
            -0.3429751992225647, 
            0.2009412944316864, 
            0.5475708246231079, 
            -0.06155426800251007, 
            0.031180765479803085, 
            0.06656789779663086, 
            -0.13114789128303528, 
            -0.20964694023132324, 
            -0.15285703539848328, 
            -0.15883663296699524, 
            -0.1431947946548462, 
            -0.04332064092159271, 
            0.5090806484222412, 
            0.2077503502368927, 
            -0.11637921631336212, 
            -0.9190621972084045, 
            -0.16690245270729065, 
            0.16832634806632996
        ], 
        "s": 0.04500000000000006, 
        "hand_R": [
            1, 
            0, 
            0, 
            0, 
            0.9857955612073224, 
            -0.16794972909754982, 
            0, 
            0.16794972909754982, 
            0.9857955612073224
        ], 
        "hand_s": 0.927011251449585, 
        "image_id": "boardgame_v_WVETYykH7KY_frame000145", 
        "obj_url": "http://128.32.175.166:6010/models/boardgame_v_WVETYykH7KY_frame000145.obj", 
        "R": [
            -0.9148013172476526, 
            0.3133066926379047, 
            -0.2549067796474966, 
            -0.3695734963737957, 
            -0.9039112258311619, 
            0.21531355413548486, 
            -0.16295392213754128, 
            0.2911759127481253, 
            0.9426890299007877
        ], 
        "t": [
            -0.10387140444703365, 
            -2.432980284828062, 
            12.343228087129198
        ], 
        "obj_name": "pen_1", 
        "trans": [
            -0.10373493283987045, 
            0.07406754791736603, 
            0.03161461278796196
        ]
    }, 
    {
        "state": "done", 
        "hand_t": [
            -0.05289991403322537, 
            -0.1444889630156758, 
            0.6548264026641846
        ], 
        "queue_id": "queue-0", 
        "hand_pose": [
            1.3833630084991455, 
            -1.2291465997695923, 
            2.4811742305755615, 
            -0.0070685818791389465, 
            -0.08173523098230362, 
            0.6323458552360535, 
            -0.49372974038124084, 
            0.002314981073141098, 
            -0.7110934853553772, 
            0.9849606156349182, 
            -0.05148594081401825, 
            -0.24916130304336548, 
            -0.018575727939605713, 
            0.018711458891630173, 
            0.6507505178451538, 
            -0.15184888243675232, 
            0.0768795907497406, 
            0.3937687575817108, 
            -0.2908037006855011, 
            -0.02742624282836914, 
            0.06931941211223602, 
            -0.18897226452827454, 
            0.280386358499527, 
            -0.050275832414627075, 
            -0.0726621150970459, 
            -0.0486394502222538, 
            0.2671700119972229, 
            -0.44768375158309937, 
            -0.17608533799648285, 
            0.2993471324443817, 
            -0.13074073195457458, 
            0.09087790548801422, 
            0.4126998782157898, 
            -0.13662992417812347, 
            0.05452395975589752, 
            0.5534240007400513, 
            -0.2665029466152191, 
            -0.17788568139076233, 
            0.0048910342156887054, 
            -0.007272839546203613, 
            -0.42591923475265503, 
            0.058831214904785156, 
            0.7459453344345093, 
            0.11910152435302734, 
            0.2811615765094757, 
            -0.6947166919708252, 
            -0.27411705255508423, 
            0.19830481708049774
        ], 
        "s": 0.207482723860708, 
        "hand_R": [
            1, 
            0, 
            0, 
            0, 
            1, 
            0, 
            0, 
            0, 
            1
        ], 
        "hand_s": 1.861939787864685, 
        "image_id": "boardgame_v_W_qdSiPKSdQ_frame000019", 
        "obj_url": "http://128.32.175.166:6010/models/boardgame_v_W_qdSiPKSdQ_frame000019.obj", 
        "R": [
            -0.19012805022898815, 
            -0.8991336504224923, 
            0.39422075439282356, 
            -0.9644301889160678, 
            0.09594105398551722, 
            -0.24631225074580837, 
            0.18364567847744573, 
            -0.42702926461551965, 
            -0.8853927218689384
        ], 
        "t": [
            0.3280000842830879, 
            -1.0542504071180168, 
            6.508876726155721
        ], 
        "obj_name": "chessboard", 
        "trans": [
            -0.163312166929245, 
            -0.026019422337412834, 
            0.048948049545288086
        ]
    }, 
    {
        "state": "done", 
        "hand_t": [
            -0.27228740626765824, 
            -0.497575641152962, 
            1.5640797615051252
        ], 
        "queue_id": "queue-0", 
        "hand_pose": [
            2.971879482269287, 
            -0.6695977449417114, 
            0.11250117421150208, 
            0.044294051826000214, 
            -0.15405362844467163, 
            0.1933034509420395, 
            -0.18092672526836395, 
            -0.00836724042892456, 
            0.09025764465332031, 
            0.38541698455810547, 
            0.0372723825275898, 
            0.7578628659248352, 
            0.005545508116483688, 
            -0.013680770993232727, 
            0.31993305683135986, 
            -0.22323201596736908, 
            -0.10170748829841614, 
            0.4695945978164673, 
            0.29152238368988037, 
            0.10515210032463074, 
            0.6162922978401184, 
            0.013765640556812286, 
            0.23973184823989868, 
            -0.10319767147302628, 
            -0.2769686281681061, 
            0.005804738029837608, 
            0.061606213450431824, 
            0.038140200078487396, 
            0.05839744955301285, 
            0.9089524745941162, 
            -0.17281542718410492, 
            0.1847269982099533, 
            0.26586923003196716, 
            -0.15820853412151337, 
            -0.22224602103233337, 
            0.5708105564117432, 
            0.08976674824953079, 
            0.008747391402721405, 
            0.41552525758743286, 
            0.34349367022514343, 
            -0.08928389102220535, 
            -0.07438845932483673, 
            0.0745772272348404, 
            0.1975025236606598, 
            0.23881974816322327, 
            -0.15234845876693726, 
            -0.15342339873313904, 
            -0.3528614640235901
        ], 
        "s": 0.6099999999999998, 
        "hand_R": [
            1, 
            0, 
            0, 
            0, 
            1, 
            0, 
            0, 
            0, 
            1
        ], 
        "hand_s": 1.9189226627349854, 
        "image_id": "boardgame_v_Z5s0_nrIcLc_frame000398", 
        "obj_url": "http://128.32.175.166:6010/models/boardgame_v_Z5s0_nrIcLc_frame000398.obj", 
        "R": [
            -0.8150884483463041, 
            0.03732003525784175, 
            0.578133234073918, 
            0.5281077633955005, 
            0.4581473048325434, 
            0.7149847811779484, 
            -0.23818692578270623, 
            0.8880924850729399, 
            -0.39313957615985906
        ], 
        "t": [
            -1.6111999704413706, 
            -1.3161054594535908, 
            5.407216720416563
        ], 
        "obj_name": "ruler_scaled", 
        "trans": [
            -0.020515425130724907, 
            -0.04615349322557449, 
            0.020705698058009148
        ]
    }, 
    {
        "state": "done", 
        "hand_t": [
            -0.07174448668956757, 
            -0.09627868980169296, 
            1.0789049863815308
        ], 
        "queue_id": "queue-0", 
        "hand_pose": [
            0.9907152652740479, 
            -0.7406997084617615, 
            1.5370080471038818, 
            0.05605781078338623, 
            -0.16451948881149292, 
            0.8424420356750488, 
            -0.4976390600204468, 
            -0.12453076243400574, 
            -0.27365049719810486, 
            0.9405242800712585, 
            -0.08949502557516098, 
            -0.1221449226140976, 
            -0.010351303964853287, 
            0.05510040000081062, 
            0.9377751350402832, 
            -0.07463724166154861, 
            -0.015559904277324677, 
            -0.4855281710624695, 
            -0.6185290217399597, 
            -0.06655357778072357, 
            -0.317219614982605, 
            -0.3156285583972931, 
            0.16216373443603516, 
            0.5857916474342346, 
            0.48845329880714417, 
            -0.21728768944740295, 
            -0.23551109433174133, 
            -0.6107736825942993, 
            -0.3617607057094574, 
            -0.3242266774177551, 
            -0.1472502052783966, 
            0.09535643458366394, 
            0.7042661905288696, 
            0.13559883832931519, 
            -0.12329958379268646, 
            -0.3226510286331177, 
            -0.608292281627655, 
            -0.24549752473831177, 
            -0.5113031268119812, 
            0.09618006646633148, 
            -0.26779013872146606, 
            -0.02724437415599823, 
            0.6217297315597534, 
            0.4350648522377014, 
            -0.12296194583177567, 
            -1.0597846508026123, 
            -0.39285364747047424, 
            0.2639627754688263
        ], 
        "s": 0.21942961231713598, 
        "hand_R": [
            1, 
            0, 
            0, 
            0, 
            1, 
            0, 
            0, 
            0, 
            1
        ], 
        "hand_s": 1.7165729999542236, 
        "image_id": "boardgame_v__C60zI5bZ5A_frame000050", 
        "obj_url": "http://128.32.175.166:6010/models/boardgame_v__C60zI5bZ5A_frame000050.obj", 
        "R": [
            0.9967839243252442, 
            0.014608348414299036, 
            -0.07879342842758011, 
            -0.07680388371979789, 
            -0.10643789995000907, 
            -0.9913486454823993, 
            -0.022868573464943278, 
            0.9942120345332973, 
            -0.10497360971615777
        ], 
        "t": [
            0.6296283724061696, 
            -1.1278105966107084, 
            8.462355678337302
        ], 
        "obj_name": "book", 
        "trans": [
            -0.11006727069616318, 
            0.04731297492980957, 
            0.06336354464292526
        ]
    }, 
    {
        "state": "done", 
        "hand_t": [
            0.09705348707560117, 
            -0.1360616580336445, 
            0.47286077279286004
        ], 
        "queue_id": "queue-0", 
        "hand_pose": [
            2.972914457321167, 
            1.388782262802124, 
            -0.3964591920375824, 
            -0.009136795997619629, 
            -0.2644175887107849, 
            -0.2743799388408661, 
            -0.35455870628356934, 
            -0.011474166065454483, 
            -0.7163554430007935, 
            0.6058540940284729, 
            -0.15617305040359497, 
            -0.14496532082557678, 
            0.21775996685028076, 
            -0.10336416959762573, 
            -0.3100510835647583, 
            -0.1260843575000763, 
            -0.0015318132936954498, 
            -0.5327345728874207, 
            0.14962142705917358, 
            -0.07967481017112732, 
            -0.31603360176086426, 
            0.38074904680252075, 
            0.2507823705673218, 
            -0.4634488821029663, 
            0.21416600048542023, 
            -0.21045498549938202, 
            -0.3507399559020996, 
            0.18863460421562195, 
            -0.2194468230009079, 
            -0.08727675676345825, 
            0.13976064324378967, 
            0.07479792833328247, 
            -0.3467443585395813, 
            0.15468820929527283, 
            -0.29465141892433167, 
            -0.5626869201660156, 
            0.11043364554643631, 
            -0.17210760712623596, 
            -0.3010631799697876, 
            0.2903773784637451, 
            0.26959940791130066, 
            0.12167863547801971, 
            0.12932950258255005, 
            0.22242394089698792, 
            0.08957069367170334, 
            -0.506207287311554, 
            -0.05276266112923622, 
            -0.12132737040519714
        ], 
        "s": 0.11886202406641158, 
        "hand_R": [
            1, 
            0, 
            0, 
            0, 
            0.9949158504885767, 
            0.10070973362387652, 
            0, 
            -0.10070973362387652, 
            0.9949158504885767
        ], 
        "hand_s": 1.7862114906311035, 
        "image_id": "boardgame_v_a8vxTupNdB4_frame000342", 
        "obj_url": "http://128.32.175.166:6010/models/boardgame_v_a8vxTupNdB4_frame000342.obj", 
        "R": [
            0.9729508881390205, 
            0.18721521797122678, 
            0.1353404279196623, 
            -0.20744506516331726, 
            0.4502585651055453, 
            0.8684663318105558, 
            0.10165192673470733, 
            -0.8730507927429431, 
            0.4769163439032471
        ], 
        "t": [
            0.08646425395024207, 
            -1.7907799064786143, 
            8.299260666523427
        ], 
        "obj_name": "cup", 
        "trans": [
            -0.03301989287137985, 
            0.05702735483646393, 
            -0.00250894483178854
        ]
    }, 
    {
        "state": "done", 
        "hand_t": [
            -0.0796081746778181, 
            -0.23153154475073687, 
            0.7138454318046575
        ], 
        "queue_id": "queue-0", 
        "hand_pose": [
            1.0927075147628784, 
            -0.8435869812965393, 
            1.3080828189849854, 
            0.12899188697338104, 
            -0.15308651328086853, 
            0.5331294536590576, 
            -0.5064995288848877, 
            -0.028467634692788124, 
            -0.21055437624454498, 
            0.9521123170852661, 
            -0.09766963124275208, 
            -0.07669822126626968, 
            0.007399458438158035, 
            -0.022828448563814163, 
            0.6568698883056641, 
            -0.15136244893074036, 
            0.07864734530448914, 
            -0.328605592250824, 
            -0.3927009105682373, 
            -0.02851278707385063, 
            -0.33047348260879517, 
            -0.31090933084487915, 
            0.13984523713588715, 
            0.47790420055389404, 
            0.3032757639884949, 
            0.013096991926431656, 
            -0.1893150508403778, 
            -0.3737819194793701, 
            -0.21863600611686707, 
            -0.005318991839885712, 
            -0.12755869328975677, 
            0.09318147599697113, 
            0.5024071335792542, 
            -0.014787407591938972, 
            -0.0022165775299072266, 
            -0.13588035106658936, 
            -0.3374514579772949, 
            -0.15729036927223206, 
            -0.2946537435054779, 
            0.16095611453056335, 
            -0.35511985421180725, 
            0.0012328922748565674, 
            0.3654597997665405, 
            0.35176727175712585, 
            -0.1007021814584732, 
            -0.694918155670166, 
            -0.13119429349899292, 
            0.1960929036140442
        ], 
        "s": 0.12521069086728706, 
        "hand_R": [
            0.9986119934560658, 
            0.05014546352637528, 
            0.016109593831857418, 
            -0.0503623533022885, 
            0.9986417554868646, 
            0.013352062311446249, 
            -0.015418167710785942, 
            -0.014144846617699314, 
            0.9997810777458253
        ], 
        "hand_s": 1.9644719362258896, 
        "image_id": "boardgame_v_bZ-lg94vUqg_frame000279", 
        "obj_url": "http://128.32.175.166:6010/models/boardgame_v_bZ-lg94vUqg_frame000279.obj", 
        "R": [
            -0.2022727829089701, 
            0.05431280860246557, 
            -0.9778219879487128, 
            -0.7764927694381454, 
            -0.6173314627537594, 
            0.12633623432959806, 
            -0.5967786024184679, 
            0.7848260851398964, 
            0.16704285611616054
        ], 
        "t": [
            -0.904334988314762, 
            -4.0103451700066515, 
            10.983474373552335
        ], 
        "obj_name": "pencil", 
        "trans": [
            -0.09477143734693527, 
            0.03733886405825615, 
            0.07140042632818222
        ]
    }, 
    {
        "state": "done", 
        "hand_t": [
            -0.025199314525400966, 
            -0.15006386826102194, 
            0.6459134005226467
        ], 
        "queue_id": "queue-0", 
        "hand_pose": [
            1.154201626777649, 
            -1.2978861331939697, 
            0.2865908145904541, 
            -0.10320612788200378, 
            -0.10180743038654327, 
            0.784669041633606, 
            -0.2954188585281372, 
            -0.03643696755170822, 
            0.19717936217784882, 
            0.5727759003639221, 
            -0.019237373024225235, 
            0.5344635248184204, 
            -0.08321315050125122, 
            0.00837738811969757, 
            0.7869699597358704, 
            -0.1553974449634552, 
            0.021026719361543655, 
            0.18833421170711517, 
            -0.4286591708660126, 
            -0.026197344064712524, 
            0.21803408861160278, 
            -0.23275072872638702, 
            -0.05322474241256714, 
            0.367648184299469, 
            0.1168336346745491, 
            0.07537129521369934, 
            -0.019343867897987366, 
            -0.31621670722961426, 
            -0.016044069081544876, 
            0.4934365749359131, 
            -0.19766348600387573, 
            0.040479809045791626, 
            0.5612671375274658, 
            -0.08608272671699524, 
            0.02983318641781807, 
            0.38757291436195374, 
            -0.5153393745422363, 
            -0.1169900894165039, 
            0.13116003572940826, 
            0.10592873394489288, 
            0.03372704237699509, 
            0.15996769070625305, 
            0.6641524434089661, 
            0.06229303032159805, 
            0.05965183302760124, 
            -0.7876238822937012, 
            -0.47163206338882446, 
            0.2322390377521515
        ], 
        "s": 0.3000000000000069, 
        "hand_R": [
            0.9271725296324618, 
            -0.2420199049283498, 
            0.28596759591501697, 
            0.15894231737111925, 
